SO YOU WANT TO ESCAPE FROM YOUR LAIR WHERE THERE ARE 6 CARDS ON THE TABLE AND YOU CAN MAKE 5 MOVES BEFORE THE SUPERVISOR TURNS THE TABLE? WELL JUST FOLLOW THESE 1224 INSTRUCTIONS
000000
000000
000000
000000
111111
000001
000000
000000
000000
010100
000001
000000
000000
000000
111110
000001
000000
000110
011011
010010
000000
000000
000000
000000
111111
000001
000000
000110
111111
010101
000000
000000
000001
111110
111111
000000
000000
001001
011011
001001
000000
000000
000000
111111
000111
000000
000000
000000
000000
111111
000001
000000
001000
011011
001001
000000
000000
000000
000000
111111
000001
000000
001000
011011
001001
000001
000011
001001
011000
010000
000000
000000
000000
000000
111111
000001
000110
011011
101101
100100
000001
011010
101101
011011
000111
000000
001001
011011
110110
011011
000001
000101
011110
101000
001111
000000
000000
000000
000000
111111
000001
000000
010100
111111
010101
000000
000000
000101
101101
000101
000000
000000
000000
000000
111111
000001
000000
010100
111111
010101
000000
010111
001010
101000
011111
000001
001010
100010
001010
110111
000001
001111
111010
100111
001011
000000
000000
000000
000000
111111
000001
000010
010110
111111
010101
000000
001001
011011
110110
011011
000000
001001
011011
110110
011011
000000
001101
011110
100111
011110
000000
000000
000101
101101
000101
000000
000000
000000
000000
111111
000001
000000
000010
011011
000011
000000
001001
011011
110110
011011
000000
000000
000101
101101
000101
000000
000000
000000
111111
111111
000000
000000
001111
110110
001111
000000
000101
001111
011110
000101
000000
000000
000000
000000
111111
000001
000000
000010
011011
000011
000000
000000
010101
111111
010101
000000
000101
010001
000101
000110
000000
000000
010101
111111
101010
000001
010110
101001
001011
011110
000000
001001
011011
110110
011011
000000
000000
010111
101101
010111
000000
000000
000000
111111
111111
000000
000000
000011
011011
000011
000000
000000
000000
111111
111111
000000
000101
001111
110011
010101
000000
001001
011011
110110
100100
000000
011011
101101
011011
101101
000000
001011
100111
011110
011000
000000
001001
011011
110110
011011
000000
000000
000101
101101
000101
000000
000000
000001
111110
111111
000000
001001
011011
110110
011011
000000
000000
000011
011011
000011
000000
000000
010101
111111
010101
000000
000000
000101
101101
000101
000000
010111
001010
101000
011111
000000
000000
000000
000000
111111
000001
001000
011011
110110
011011
000000
001001
011011
110110
011011
000011
011100
101000
001010
010111
000000
000000
000011
011011
000011
000000
001111
110011
001111
011001
000001
001001
100111
010010
001111
000000
000000
000000
111111
111111
000000
001001
011011
110110
011011
000000
000001
011011
101101
011011
000000
000000
000000
000000
111111
000001
001001
000101
100100
011111
000001
000010
010110
111111
010101
001011
000110
010100
110000
011111
000000
001001
011011
110110
100100
000001
000010
000111
010100
000101
000000
000000
000000
000000
111111
000001
001000
011011
110110
011011
000000
001001
011011
110110
011011
000000
000101
010001
000101
000100
001011
000110
010100
110000
100001
000000
001001
011011
110110
011011
000011
000100
001101
010010
011100
000000
000000
000000
000000
111111
000001
001000
011011
110110
011011
000000
000001
000101
010100
000101
001111
010001
100111
001010
000110
000000
000000
000111
111111
010101
000000
000000
000000
000000
111111
000001
000000
001000
011011
001001
000000
000000
000000
000000
111111
000001
000000
000110
111111
010101
000000
000000
000000
111111
111111
000000
000000
001001
011011
001001
000000
000000
000000
111111
000011
000000
000000
000001
111111
010101
000000
000000
000000
111111
111111
000000
010111
101101
011011
010010
000000
000000
010101
111111
010101
000101
001010
101101
010001
001111
000000
000000
010101
111111
010101
000000
001001
010100
110110
011101
000000
000000
010101
111111
010101
000000
001111
110011
001111
011001
000000
000111
001001
010010
101110
000000
011011
101101
011011
010010
000111
001000
011010
111111
010101
000011
000101
001100
101000
001101
000000
000000
000000
000000
111111
000001
000010
000111
010100
000101
000000
000000
000000
000000
111111
000001
000000
000100
101101
000101
000000
000000
000001
000001
111111
000001
000000
000010
011011
000011
000000
000000
000000
000000
111111
000001
000100
010001
000101
000100
000000
000000
000000
000000
111111
000001
000011
001010
011000
000010
000000
000000
000000
000000
111111
000001
001000
011011
110110
011011
000000
000011
010110
111111
010101
000000
001101
011110
100111
011110
000000
001001
011011
110110
011011
000000
000000
001111
110110
001111
000000
000000
000000
111111
111111
000000
000000
000101
101101
000101
000000
000000
000000
111111
111111
000000
001111
110011
001111
011001
000000
001001
011011
110110
100100
000000
011011
101101
011011
010010
000000
001011
100111
011110
011000
000000
000000
001111
110110
001111
000000
000000
000000
000000
111111
000001
000000
010110
101101
010111
000000
001001
011011
110110
011011
000000
000000
001111
110110
001111
000000
000000
000000
111111
111111
000000
000000
000101
101101
000101
000000
001001
011011
110110
011011
000000
000000
000011
011011
000011
000000
010111
001010
101000
001011
000000
000000
000000
000000
111111
000001
000000
010100
111111
010101
000000
000001
000010
000111
111001
000000
000001
010100
111111
010101
000000
001001
011011
110110
011011
000000
000000
010111
101101
010111
000000
000000
000011
011011
000011
000000
010111
001010
101000
011111
000000
000001
000011
000110
101011
000000
000001
010100
111111
010101
000000
000011
001111
111100
000010
000000
000000
000000
000000
111111
000001
001000
011011
110110
011011
000000
000000
010101
111111
010101
000000
000000
001011
100111
100001
000000
000001
010100
111111
101010
000000
011011
101101
011011
101101
000101
001111
011011
110011
010000
000000
001001
011011
110110
100100
000000
011011
101101
011011
010010
001011
010010
001111
100100
000010
000000
000000
000000
000000
000111
000000
000000
000111
111111
010101
000000
000000
000000
000000
111111
000001
000000
000110
011011
010010
000000
000000
000000
000000
111111
000001
000000
000110
111111
010101
000000
000000
000111
011011
101101
000000
000000
000000
000000
001001
000001
000000
000110
111111
010101
000000
000000
011011
101101
001110
000000
000000
000000
000000
111111
000001
000000
000000
000000
010100
000001
000000
000000
000000
111110
000001
000011
000101
011011
010010
000000
000000
000011
000001
111101
000001
000000
001000
011011
001001
000000
000000
000000
111111
000111
000001
010010
100111
001001
011010
000001
000011
010111
111111
010101
000000
000001
001111
110011
001111
000000
000000
000000
111111
111111
000000
000000
000101
101101
000101
000000
000000
000000
000000
111111
000001
000010
000101
011110
000011
000000
001001
011011
110110
011011
000000
000011
000110
101101
000101
000000
000000
000000
111111
111111
000000
000000
001111
110110
001111
000000
000101
010001
011110
100100
000000
011011
101101
011011
010010
000000
000000
001111
110110
001111
000000
000011
001111
111100
011010
000001
000011
011101
110000
001001
000000
000011
001111
110011
111111
000000
000011
000110
101101
000101
000000
000000
001111
110110
110000
000000
001001
011011
110110
100100
000000
001111
110011
001111
011001
000000
001101
011110
100111
011110
000101
001111
011011
111001
000011
000000
000000
000000
000000
111111
000001
000000
001000
011011
001001
000000
000000
000000
000000
111111
000001
000000
001000
011011
001001
000000
000000
000000
111111
000011
000101
011011
100010
001111
100100
000011
000101
010001
101000
000111
001011
010001
000011
001010
001100
000000
000000
001001
110110
111111
000000
011011
101101
011011
010010
000011
011000
101101
011011
010010
001111
010001
000011
001010
000110
000000
000000
000000
000000
010101
000001
000110
011011
101101
011011
000000
000000
000101
000001
111011
000001
011010
101101
011011
000111
000001
000011
111100
000011
000001
000000
000111
011011
101101
011011
000000
001001
011011
110110
001110
001011
010010
001111
100100
010111
000000
001001
011011
110110
100100
000011
011000
101101
011011
101101
000011
001001
011110
100100
000100
000111
001100
100111
011110
011000
000000
000000
001001
000001
110111
000001
000000
000010
011011
000011
000000
000000
000000
000000
111111
000001
001000
011011
110110
011011
000000
000000
010111
101101
010111
000000
000000
000000
111111
111111
000000
000011
000101
011110
000011
000000
001001
011011
110110
011011
000000
000101
001111
011011
001010
000000
001111
110011
001111
011001
001101
010111
001001
111010
000001
000000
000000
000000
000000
000111
000000
001001
010010
101101
011011
000000
000000
001001
000001
000001
000001
000000
011010
101101
001110
000000
000000
010101
111111
